4294967279,377
4294967278,309
4294967279,353
4294967278,406
4294967279,296
4294967278,302
349,0
4294967279,330
4294967278,415
4294967278,163
4294967279,293
4294967279,323
4294967279,376
4294967278,159
4294967278,414
4294967279,156
4294967278,400
4294967279,291
4294967279,338
4294967279,340
4294967279,554
4294967278,296
4294967279,553
4294967278,360
4294967279,527
4294967279,526
4294967279,142
4294967278,368
4294967279,287
4294967294,18
4294967294,127
4294967294,14
4294967294,126
4294967294,20
4294967294,13
4294967278,291
4294967278,37
4294967279,139
4294967279,272
4294967278,36
4294967278,35
4294967278,34
4294967278,33
4294967278,32
4294967278,31
4294967278,30
4294967278,29
4294967278,28
4294967278,27
4294967278,26
4294967278,25
4294967278,24
4294967278,23
4294967278,22
4294967278,21
4294967278,20
4294967278,19
4294967278,18
4294967278,17
4294967278,16
4294967278,15
4294967278,14
4294967278,13
4294967278,12
4294967278,11
4294967278,10
4294967278,9
4294967278,8
4294967279,134
4294967279,279
4294967279,277
4294967279,265
4294967279,262
4294967279,261
4294967278,387
4294967278,46
4294967278,45
4294967278,44
4294967278,43
4294967278,42
4294967278,41
4294967278,40
4294967278,39
4294967278,38
4294967294,42
4294967294,99
4294967294,76
4294967294,36
4294967294,39
4294967294,41
4294967294,471
4294967294,30
4294967294,61
4294967278,132
4294967278,131
4294967278,130
4294967278,174
4294967278,129
4294967278,395
4294967278,128
4294967278,127
4294967278,125
4294967278,122
4294967278,120
4294967278,119
4294967278,117
4294967278,116
4294967278,111
4294967278,109
4294967278,108
4294967278,107
4294967278,106
4294967278,104
4294967278,103
4294967278,102
4294967278,101
4294967278,321
4294967278,100
4294967278,417
4294967278,99
4294967278,388
4294967278,98
4294967278,97
4294967278,381
4294967278,96
4294967278,95
4294967278,94
4294967278,93
4294967278,92
4294967278,91
4294967278,90
4294967278,89
4294967278,87
4294967278,86
4294967278,317
4294967278,85
4294967278,84
4294967278,83
4294967278,82
4294967278,314
4294967278,81
4294967278,80
4294967278,79
4294967278,78
4294967278,77
4294967278,76
4294967278,75
4294967278,74
4294967278,73
4294967278,72
4294967278,312
4294967278,71
4294967278,70
4294967278,69
4294967278,68
4294967278,416
4294967278,67
4294967278,66
4294967278,65
4294967278,64
4294967278,63
4294967278,62
4294967278,61
4294967278,60
4294967278,59
4294967278,58
4294967278,57
4294967278,56
4294967278,55
4294967278,54
4294967278,53
4294967278,52
4294967278,51
4294967278,50
4294967278,49
4294967278,48
4294967278,47
4294967278,260
4294967279,348
4294967279,85
4294967279,84
4294967279,83
4294967279,82
4294967279,81
4294967279,80
4294967279,79
4294967279,260
4294967279,78
4294967279,77
4294967279,76
4294967279,75
4294967279,74
4294967279,73
4294967279,72
4294967279,71
4294967279,558
4294967279,70
4294967279,69
4294967279,68
4294967279,67
4294967279,66
4294967279,65
4294967279,64
4294967279,63
4294967279,62
4294967279,61
4294967279,60
4294967279,59
4294967279,58
4294967279,57
4294967279,56
4294967279,55
4294967279,54
4294967279,53
4294967279,52
4294967279,51
4294967279,50
4294967279,49
4294967279,48
4294967279,47
4294967279,46
4294967279,45
4294967279,44
4294967279,43
4294967279,42
4294967279,41
4294967279,40
4294967279,39
4294967279,38
4294967279,37
4294967279,36
4294967279,35
4294967279,34
4294967279,33
4294967279,32
4294967279,31
4294967279,30
4294967279,29
4294967279,28
4294967279,27
4294967279,26
4294967279,25
4294967279,24
4294967279,23
4294967279,21
4294967279,19
4294967279,18
4294967279,17
4294967279,16
4294967279,15
4294967279,14
4294967279,13
4294967279,12
4294967279,11
4294967279,7
4294967279,5
4294967294,416
4294967294,52
4294967294,50
4294967294,12
4294967294,1016
4294967294,92
4294967294,88
4294967294,11
4294967294,68
349,7
349,6
4294967279,144
4294967279,135
4294967279,275
4294967279,258
4294967279,257
4294967278,258
4294967278,328
4294967278,327
4294967278,326
4294967278,237
4294967278,236
4294967278,234
4294967278,212
4294967278,211
4294967278,210
4294967278,196
4294967278,195
4294967279,189
4294967278,187
4294967278,183
4294967279,183
4294967278,182
4294967278,181
4294967278,180
4294967279,170
4294967279,159
4294967279,151
4294967279,150
4294967279,140
4294967279,138
4294967279,22
4294967279,271
4294967279,20
4294967279,283
4294967279,282
354,5
354,4
354,3
354,2
354,1
4294967279,352
4294967279,263
4294967279,364
4294967279,561
4294967278,259
4294967278,419
4294967279,344
4294967279,256
4294967278,279
4294967279,255
4294967279,320
4294967279,254
4294967279,253
4294967279,375
4294967279,4
4294967278,354
352,6
4294967278,257
352,5
352,4
4294967278,355
352,3
352,2
352,1
4294967279,574
4294967278,422
4294967278,353
4294967279,356
4294967278,254
4294967278,324
4294967278,225
4294967278,253
4294967278,246
4294967278,250
4294967278,248
4294967278,421
4294967278,244
4294967278,242
4294967278,240
4294967278,238
4294967278,322
4294967294,1419
4294967278,408
4294967278,436
4294967279,355
4294967278,235
4294967278,232
4294967279,232
4294967278,230
4294967278,435
4294967278,346
4294967278,0
4294967278,228
4294967278,226
4294967278,220
4294967278,224
349,5
349,4
4294967278,222
349,3
349,2
349,1
